ERROR (101) IN PLAS: Soil body collapses.
CSP   =                     1.55308E-16
P_MAX =                     0.00000E+00
NP_MAX=                       0
